1 580.000000 580.649254 1.446237 1.448975
2 580.649254 581.298507 1.443505 1.446237
3 581.298507 581.947761 1.440779 1.443505
4 581.947761 582.597015 1.438059 1.440779
5 582.597015 583.246269 1.435345 1.438059
6 583.246269 583.895522 1.432637 1.435345
7 583.895522 584.544776 1.429935 1.432637
8 584.544776 585.194030 1.427239 1.429935
9 585.194030 585.843284 1.424549 1.427239
10 585.843284 586.492537 1.421865 1.424549
11 586.492537 587.141791 1.419187 1.421865
12 587.141791 587.791045 1.416515 1.419187
13 587.791045 588.440299 1.413849 1.416515
14 588.440299 589.089552 1.411188 1.413849
15 589.089552 589.738806 1.408534 1.411188
16 589.738806 590.388060 1.405885 1.408534
17 590.388060 591.037313 1.403242 1.405885
18 591.037313 591.686567 1.400605 1.403242
19 591.686567 592.335821 1.397974 1.400605
20 592.335821 592.985075 1.395348 1.397974
21 592.985075 593.634328 1.392728 1.395348
22 593.634328 594.283582 1.390114 1.392728
23 594.283582 594.932836 1.387506 1.390114
24 594.932836 595.582090 1.384903 1.387506
25 595.582090 596.231343 1.382306 1.384903
26 596.231343 596.880597 1.379715 1.382306
27 596.880597 597.529851 1.377129 1.379715
28 597.529851 598.179104 1.374549 1.377129
29 598.179104 598.828358 1.371975 1.374549
30 598.828358 599.477612 1.369406 1.371975
31 599.477612 600.126866 1.366842 1.369406
32 600.126866 600.776119 1.364285 1.366842
33 600.776119 601.425373 1.361732 1.364285
34 601.425373 602.074627 1.359186 1.361732
35 602.074627 602.723881 1.356644 1.359186
36 602.723881 603.373134 1.354108 1.356644
37 603.373134 604.022388 1.351578 1.354108
38 604.022388 604.671642 1.349053 1.351578
39 604.671642 605.320896 1.346533 1.349053
40 605.320896 605.970149 1.344019 1.346533
41 605.970149 606.619403 1.341511 1.344019
42 606.619403 607.268657 1.339007 1.341511
43 607.268657 607.917910 1.336509 1.339007
44 607.917910 608.567164 1.334016 1.336509
45 608.567164 609.216418 1.331529 1.334016
46 609.216418 609.865672 1.329047 1.331529
47 609.865672 610.514925 1.326570 1.329047
48 610.514925 611.164179 1.324099 1.326570
49 611.164179 611.813433 1.321632 1.324099
50 611.813433 612.462687 1.319171 1.321632
51 612.462687 613.111940 1.316715 1.319171
52 613.111940 613.761194 1.314265 1.316715
53 613.761194 614.410448 1.311819 1.314265
54 614.410448 615.059701 1.309379 1.311819
55 615.059701 615.708955 1.306943 1.309379
56 615.708955 616.358209 1.304513 1.306943
57 616.358209 617.007463 1.302088 1.304513
58 617.007463 617.656716 1.299669 1.302088
59 617.656716 618.305970 1.297254 1.299669
60 618.305970 618.955224 1.294844 1.297254
61 618.955224 619.604478 1.292439 1.294844
62 619.604478 620.253731 1.290040 1.292439
63 620.253731 620.902985 1.287645 1.290040
64 620.902985 621.552239 1.285256 1.287645
65 621.552239 622.201493 1.282871 1.285256
66 622.201493 622.850746 1.280491 1.282871
67 622.850746 623.500000 1.278117 1.280491
68 623.500000 624.149254 1.275747 1.278117
69 624.149254 624.798507 1.273382 1.275747
70 624.798507 625.447761 1.271022 1.273382
71 625.447761 626.097015 1.268667 1.271022
72 626.097015 626.746269 1.266317 1.268667
73 626.746269 627.395522 1.263972 1.266317
74 627.395522 628.044776 1.261631 1.263972
75 628.044776 628.694030 1.259296 1.261631
76 628.694030 629.343284 1.256965 1.259296
77 629.343284 629.992537 1.254639 1.256965
78 629.992537 630.641791 1.252318 1.254639
79 630.641791 631.291045 1.250001 1.252318
80 631.291045 631.940299 1.247690 1.250001
81 631.940299 632.589552 1.245383 1.247690
82 632.589552 633.238806 1.243081 1.245383
83 633.238806 633.888060 1.240783 1.243081
84 633.888060 634.537313 1.238491 1.240783
85 634.537313 635.186567 1.236202 1.238491
86 635.186567 635.835821 1.233919 1.236202
87 635.835821 636.485075 1.231640 1.233919
88 636.485075 637.134328 1.229366 1.231640
89 637.134328 637.783582 1.227097 1.229366
90 637.783582 638.432836 1.224832 1.227097
91 638.432836 639.082090 1.222572 1.224832
92 639.082090 639.731343 1.220316 1.222572
93 639.731343 640.380597 1.218065 1.220316
94 640.380597 641.029851 1.215818 1.218065
95 641.029851 641.679104 1.213576 1.215818
96 641.679104 642.328358 1.211339 1.213576
97 642.328358 642.977612 1.209106 1.211339
98 642.977612 643.626866 1.206878 1.209106
99 643.626866 644.276119 1.204654 1.206878
100 644.276119 644.925373 1.202434 1.204654
101 644.925373 645.574627 1.200219 1.202434
102 645.574627 646.223881 1.198009 1.200219
103 646.223881 646.873134 1.195803 1.198009
104 646.873134 647.522388 1.193601 1.195803
105 647.522388 648.171642 1.191404 1.193601
106 648.171642 648.820896 1.189211 1.191404
107 648.820896 649.470149 1.187022 1.189211
108 649.470149 650.119403 1.184838 1.187022
109 650.119403 650.768657 1.182659 1.184838
110 650.768657 651.417910 1.180483 1.182659
111 651.417910 652.067164 1.178312 1.180483
112 652.067164 652.716418 1.176145 1.178312
113 652.716418 653.365672 1.173983 1.176145
114 653.365672 654.014925 1.171825 1.173983
115 654.014925 654.664179 1.169671 1.171825
116 654.664179 655.313433 1.167521 1.169671
117 655.313433 655.962687 1.165376 1.167521
118 655.962687 656.611940 1.163235 1.165376
119 656.611940 657.261194 1.161098 1.163235
120 657.261194 657.910448 1.158965 1.161098
121 657.910448 658.559701 1.156837 1.158965
122 658.559701 659.208955 1.154712 1.156837
123 659.208955 659.858209 1.152592 1.154712
124 659.858209 660.507463 1.150476 1.152592
125 660.507463 661.156716 1.148365 1.150476
126 661.156716 661.805970 1.146257 1.148365
127 661.805970 662.455224 1.144154 1.146257
128 662.455224 663.104478 1.142054 1.144154
129 663.104478 663.753731 1.139959 1.142054
130 663.753731 664.402985 1.137868 1.139959
131 664.402985 665.052239 1.135781 1.137868
132 665.052239 665.701493 1.133698 1.135781
133 665.701493 666.350746 1.131619 1.133698
134 666.350746 667.000000 1.129544 1.131619
135 667.000000 667.649254 1.127473 1.129544
136 667.649254 668.298507 1.125406 1.127473
137 668.298507 668.947761 1.123343 1.125406
138 668.947761 669.597015 1.121284 1.123343
139 669.597015 670.246269 1.119230 1.121284
140 670.246269 670.895522 1.117179 1.119230
141 670.895522 671.544776 1.115132 1.117179
142 671.544776 672.194030 1.113089 1.115132
143 672.194030 672.843284 1.111050 1.113089
144 672.843284 673.492537 1.109015 1.111050
145 673.492537 674.141791 1.106984 1.109015
146 674.141791 674.791045 1.104956 1.106984
147 674.791045 675.440299 1.102933 1.104956
148 675.440299 676.089552 1.100914 1.102933
149 676.089552 676.738806 1.098898 1.100914
150 676.738806 677.388060 1.096886 1.098898
151 677.388060 678.037313 1.094878 1.096886
152 678.037313 678.686567 1.092874 1.094878
153 678.686567 679.335821 1.090874 1.092874
154 679.335821 679.985075 1.088878 1.090874
155 679.985075 680.634328 1.086885 1.088878
156 680.634328 681.283582 1.084896 1.086885
157 681.283582 681.932836 1.082912 1.084896
158 681.932836 682.582090 1.080930 1.082912
159 682.582090 683.231343 1.078953 1.080930
160 683.231343 683.880597 1.076979 1.078953
161 683.880597 684.529851 1.075009 1.076979
162 684.529851 685.179104 1.073043 1.075009
163 685.179104 685.828358 1.071081 1.073043
164 685.828358 686.477612 1.069122 1.071081
165 686.477612 687.126866 1.067167 1.069122
166 687.126866 687.776119 1.065215 1.067167
167 687.776119 688.425373 1.063268 1.065215
168 688.425373 689.074627 1.061324 1.063268
169 689.074627 689.723881 1.059383 1.061324
170 689.723881 690.373134 1.057446 1.059383
171 690.373134 691.022388 1.055513 1.057446
172 691.022388 691.671642 1.053584 1.055513
173 691.671642 692.320896 1.051658 1.053584
174 692.320896 692.970149 1.049736 1.051658
175 692.970149 693.619403 1.047817 1.049736
176 693.619403 694.268657 1.045902 1.047817
177 694.268657 694.917910 1.043991 1.045902
178 694.917910 695.567164 1.042083 1.043991
179 695.567164 696.216418 1.040178 1.042083
180 696.216418 696.865672 1.038278 1.040178
181 696.865672 697.514925 1.036380 1.038278
182 697.514925 698.164179 1.034487 1.036380
183 698.164179 698.813433 1.032597 1.034487
184 698.813433 699.462687 1.030710 1.032597
185 699.462687 700.111940 1.028827 1.030710
186 700.111940 700.761194 1.026947 1.028827
187 700.761194 701.410448 1.025071 1.026947
188 701.410448 702.059701 1.023198 1.025071
189 702.059701 702.708955 1.021329 1.023198
190 702.708955 703.358209 1.019463 1.021329
191 703.358209 704.007463 1.017600 1.019463
192 704.007463 704.656716 1.015741 1.017600
193 704.656716 705.305970 1.013886 1.015741
194 705.305970 705.955224 1.012034 1.013886
195 705.955224 706.604478 1.010185 1.012034
196 706.604478 707.253731 1.008340 1.010185
197 707.253731 707.902985 1.006498 1.008340
198 707.902985 708.552239 1.004659 1.006498
199 708.552239 709.201493 1.002824 1.004659
200 709.201493 709.850746 1.000992 1.002824
201 709.850746 710.500000 0.999164 1.000992
202 710.500000 711.149254 0.997338 0.999164
203 711.149254 711.798507 0.995517 0.997338
204 711.798507 712.447761 0.993698 0.995517
205 712.447761 713.097015 0.991883 0.993698
206 713.097015 713.746269 0.990071 0.991883
207 713.746269 714.395522 0.988262 0.990071
208 714.395522 715.044776 0.986457 0.988262
209 715.044776 715.694030 0.984655 0.986457
210 715.694030 716.343284 0.982856 0.984655
211 716.343284 716.992537 0.981061 0.982856
212 716.992537 717.641791 0.979268 0.981061
213 717.641791 718.291045 0.977479 0.979268
214 718.291045 718.940299 0.975694 0.977479
215 718.940299 719.589552 0.973911 0.975694
216 719.589552 720.238806 0.972132 0.973911
217 720.238806 720.888060 0.970355 0.972132
218 720.888060 721.537313 0.968583 0.970355
219 721.537313 722.186567 0.966813 0.968583
220 722.186567 722.835821 0.965046 0.966813
221 722.835821 723.485075 0.963283 0.965046
222 723.485075 724.134328 0.961522 0.963283
223 724.134328 724.783582 0.959765 0.961522
224 724.783582 725.432836 0.958011 0.959765
225 725.432836 726.082090 0.956261 0.958011
226 726.082090 726.731343 0.954513 0.956261
227 726.731343 727.380597 0.952768 0.954513
228 727.380597 728.029851 0.951027 0.952768
229 728.029851 728.679104 0.949288 0.951027
230 728.679104 729.328358 0.947553 0.949288
231 729.328358 729.977612 0.945821 0.947553
232 729.977612 730.626866 0.944092 0.945821
233 730.626866 731.276119 0.942366 0.944092
234 731.276119 731.925373 0.940643 0.942366
235 731.925373 732.574627 0.938923 0.940643
236 732.574627 733.223881 0.937206 0.938923
237 733.223881 733.873134 0.935492 0.937206
238 733.873134 734.522388 0.933781 0.935492
239 734.522388 735.171642 0.932074 0.933781
240 735.171642 735.820896 0.930369 0.932074
241 735.820896 736.470149 0.928667 0.930369
242 736.470149 737.119403 0.926968 0.928667
243 737.119403 737.768657 0.925273 0.926968
244 737.768657 738.417910 0.923580 0.925273
245 738.417910 739.067164 0.921890 0.923580
246 739.067164 739.716418 0.920203 0.921890
247 739.716418 740.365672 0.918519 0.920203
248 740.365672 741.014925 0.916838 0.918519
249 741.014925 741.664179 0.915160 0.916838
250 741.664179 742.313433 0.913485 0.915160
251 742.313433 742.962687 0.911813 0.913485
252 742.962687 743.611940 0.910144 0.911813
253 743.611940 744.261194 0.908478 0.910144
254 744.261194 744.910448 0.906814 0.908478
255 744.910448 745.559701 0.905154 0.906814
256 745.559701 746.208955 0.903496 0.905154
257 746.208955 746.858209 0.901841 0.903496
258 746.858209 747.507463 0.900189 0.901841
259 747.507463 748.156716 0.898540 0.900189
260 748.156716 748.805970 0.896894 0.898540
261 748.805970 749.455224 0.895251 0.896894
262 749.455224 750.104478 0.893611 0.895251
263 750.104478 750.753731 0.891973 0.893611
264 750.753731 751.402985 0.890338 0.891973
265 751.402985 752.052239 0.888706 0.890338
266 752.052239 752.701493 0.887077 0.888706
267 752.701493 753.350746 0.885451 0.887077
268 753.350746 754.000000 0.883827 0.885451
269 754.000000 754.649254 0.882207 0.883827
270 754.649254 755.298507 0.880589 0.882207
271 755.298507 755.947761 0.878973 0.880589
272 755.947761 756.597015 0.877361 0.878973
273 756.597015 757.246269 0.875751 0.877361
274 757.246269 757.895522 0.874145 0.875751
275 757.895522 758.544776 0.872540 0.874145
276 758.544776 759.194030 0.870939 0.872540
277 759.194030 759.843284 0.869340 0.870939
278 759.843284 760.492537 0.867744 0.869340
279 760.492537 761.141791 0.866151 0.867744
280 761.141791 761.791045 0.864561 0.866151
281 761.791045 762.440299 0.862973 0.864561
282 762.440299 763.089552 0.861388 0.862973
283 763.089552 763.738806 0.859806 0.861388
284 763.738806 764.388060 0.858226 0.859806
285 764.388060 765.037313 0.856649 0.858226
286 765.037313 765.686567 0.855075 0.856649
287 765.686567 766.335821 0.853503 0.855075
288 766.335821 766.985075 0.851934 0.853503
289 766.985075 767.634328 0.850368 0.851934
290 767.634328 768.283582 0.848804 0.850368
291 768.283582 768.932836 0.847243 0.848804
292 768.932836 769.582090 0.845685 0.847243
293 769.582090 770.231343 0.844129 0.845685
294 770.231343 770.880597 0.842576 0.844129
295 770.880597 771.529851 0.841025 0.842576
296 771.529851 772.179104 0.839477 0.841025
297 772.179104 772.828358 0.837932 0.839477
298 772.828358 773.477612 0.836389 0.837932
299 773.477612 774.126866 0.834849 0.836389
300 774.126866 774.776119 0.833311 0.834849
301 774.776119 775.425373 0.831776 0.833311
302 775.425373 776.074627 0.830244 0.831776
303 776.074627 776.723881 0.828714 0.830244
304 776.723881 777.373134 0.827187 0.828714
305 777.373134 778.022388 0.825662 0.827187
306 778.022388 778.671642 0.824140 0.825662
307 778.671642 779.320896 0.822620 0.824140
308 779.320896 779.970149 0.821103 0.822620
309 779.970149 780.619403 0.819588 0.821103
310 780.619403 781.268657 0.818076 0.819588
311 781.268657 781.917910 0.816566 0.818076
312 781.917910 782.567164 0.815059 0.816566
313 782.567164 783.216418 0.813555 0.815059
314 783.216418 783.865672 0.812053 0.813555
315 783.865672 784.514925 0.810553 0.812053
316 784.514925 785.164179 0.809056 0.810553
317 785.164179 785.813433 0.807561 0.809056
318 785.813433 786.462687 0.806069 0.807561
319 786.462687 787.111940 0.804579 0.806069
320 787.111940 787.761194 0.803092 0.804579
321 787.761194 788.410448 0.801607 0.803092
322 788.410448 789.059701 0.800125 0.801607
323 789.059701 789.708955 0.798645 0.800125
324 789.708955 790.358209 0.797167 0.798645
325 790.358209 791.007463 0.795692 0.797167
326 791.007463 791.656716 0.794219 0.795692
327 791.656716 792.305970 0.792749 0.794219
328 792.305970 792.955224 0.791281 0.792749
329 792.955224 793.604478 0.789816 0.791281
330 793.604478 794.253731 0.788353 0.789816
331 794.253731 794.902985 0.786892 0.788353
332 794.902985 795.552239 0.785434 0.786892
333 795.552239 796.201493 0.783978 0.785434
334 796.201493 796.850746 0.782524 0.783978
335 796.850746 797.500000 0.781073 0.782524
336 797.500000 798.149254 0.779624 0.781073
337 798.149254 798.798507 0.778178 0.779624
338 798.798507 799.447761 0.776734 0.778178
339 799.447761 800.097015 0.775292 0.776734
340 800.097015 800.746269 0.773852 0.775292
341 800.746269 801.395522 0.772415 0.773852
342 801.395522 802.044776 0.770981 0.772415
343 802.044776 802.694030 0.769548 0.770981
344 802.694030 803.343284 0.768118 0.769548
345 803.343284 803.992537 0.766690 0.768118
346 803.992537 804.641791 0.765265 0.766690
347 804.641791 805.291045 0.763841 0.765265
348 805.291045 805.940299 0.762421 0.763841
349 805.940299 806.589552 0.761002 0.762421
350 806.589552 807.238806 0.759586 0.761002
351 807.238806 807.888060 0.758171 0.759586
352 807.888060 808.537313 0.756760 0.758171
353 808.537313 809.186567 0.755350 0.756760
354 809.186567 809.835821 0.753943 0.755350
355 809.835821 810.485075 0.752538 0.753943
356 810.485075 811.134328 0.751135 0.752538
357 811.134328 811.783582 0.749735 0.751135
358 811.783582 812.432836 0.748336 0.749735
359 812.432836 813.082090 0.746940 0.748336
360 813.082090 813.731343 0.745546 0.746940
361 813.731343 814.380597 0.744155 0.745546
362 814.380597 815.029851 0.742765 0.744155
363 815.029851 815.679104 0.741378 0.742765
364 815.679104 816.328358 0.739993 0.741378
365 816.328358 816.977612 0.738610 0.739993
366 816.977612 817.626866 0.737230 0.738610
367 817.626866 818.276119 0.735851 0.737230
368 818.276119 818.925373 0.734475 0.735851
369 818.925373 819.574627 0.733101 0.734475
370 819.574627 820.223881 0.731729 0.733101
371 820.223881 820.873134 0.730360 0.731729
372 820.873134 821.522388 0.728992 0.730360
373 821.522388 822.171642 0.727627 0.728992
374 822.171642 822.820896 0.726264 0.727627
375 822.820896 823.470149 0.724903 0.726264
376 823.470149 824.119403 0.723544 0.724903
377 824.119403 824.768657 0.722187 0.723544
378 824.768657 825.417910 0.720832 0.722187
379 825.417910 826.067164 0.719480 0.720832
380 826.067164 826.716418 0.718129 0.719480
381 826.716418 827.365672 0.716781 0.718129
382 827.365672 828.014925 0.715435 0.716781
383 828.014925 828.664179 0.714091 0.715435
384 828.664179 829.313433 0.712749 0.714091
385 829.313433 829.962687 0.711409 0.712749
386 829.962687 830.611940 0.710071 0.711409
387 830.611940 831.261194 0.708736 0.710071
388 831.261194 831.910448 0.707402 0.708736
389 831.910448 832.559701 0.706071 0.707402
390 832.559701 833.208955 0.704741 0.706071
391 833.208955 833.858209 0.703414 0.704741
392 833.858209 834.507463 0.702089 0.703414
393 834.507463 835.156716 0.700766 0.702089
394 835.156716 835.805970 0.699444 0.700766
395 835.805970 836.455224 0.698125 0.699444
396 836.455224 837.104478 0.696808 0.698125
397 837.104478 837.753731 0.695493 0.696808
398 837.753731 838.402985 0.694180 0.695493
399 838.402985 839.052239 0.692869 0.694180
400 839.052239 839.701493 0.691560 0.692869
401 839.701493 840.350746 0.690253 0.691560
402 840.350746 841.000000 0.688949 0.690253
403 841.000000 841.649254 0.687646 0.688949
404 841.649254 842.298507 0.686345 0.687646
405 842.298507 842.947761 0.685046 0.686345
406 842.947761 843.597015 0.683749 0.685046
407 843.597015 844.246269 0.682454 0.683749
408 844.246269 844.895522 0.681161 0.682454
409 844.895522 845.544776 0.679871 0.681161
410 845.544776 846.194030 0.678582 0.679871
411 846.194030 846.843284 0.677295 0.678582
412 846.843284 847.492537 0.676010 0.677295
413 847.492537 848.141791 0.674727 0.676010
414 848.141791 848.791045 0.673446 0.674727
415 848.791045 849.440299 0.672167 0.673446
416 849.440299 850.089552 0.670890 0.672167
417 850.089552 850.738806 0.669614 0.670890
418 850.738806 851.388060 0.668341 0.669614
419 851.388060 852.037313 0.667070 0.668341
420 852.037313 852.686567 0.665801 0.667070
421 852.686567 853.335821 0.664533 0.665801
422 853.335821 853.985075 0.663268 0.664533
423 853.985075 854.634328 0.662004 0.663268
424 854.634328 855.283582 0.660742 0.662004
425 855.283582 855.932836 0.659483 0.660742
426 855.932836 856.582090 0.658225 0.659483
427 856.582090 857.231343 0.656969 0.658225
428 857.231343 857.880597 0.655715 0.656969
429 857.880597 858.529851 0.654463 0.655715
430 858.529851 859.179104 0.653213 0.654463
431 859.179104 859.828358 0.651964 0.653213
432 859.828358 860.477612 0.650718 0.651964
433 860.477612 861.126866 0.649473 0.650718
434 861.126866 861.776119 0.648231 0.649473
435 861.776119 862.425373 0.646990 0.648231
436 862.425373 863.074627 0.645751 0.646990
437 863.074627 863.723881 0.644514 0.645751
438 863.723881 864.373134 0.643278 0.644514
439 864.373134 865.022388 0.642045 0.643278
440 865.022388 865.671642 0.640814 0.642045
441 865.671642 866.320896 0.639584 0.640814
442 866.320896 866.970149 0.638356 0.639584
443 866.970149 867.619403 0.637130 0.638356
444 867.619403 868.268657 0.635906 0.637130
445 868.268657 868.917910 0.634683 0.635906
446 868.917910 869.567164 0.633463 0.634683
447 869.567164 870.216418 0.632244 0.633463
448 870.216418 870.865672 0.631027 0.632244
449 870.865672 871.514925 0.629812 0.631027
450 871.514925 872.164179 0.628599 0.629812
451 872.164179 872.813433 0.627388 0.628599
452 872.813433 873.462687 0.626178 0.627388
453 873.462687 874.111940 0.624970 0.626178
454 874.111940 874.761194 0.623764 0.624970
455 874.761194 875.410448 0.622560 0.623764
456 875.410448 876.059701 0.621357 0.622560
457 876.059701 876.708955 0.620157 0.621357
458 876.708955 877.358209 0.618958 0.620157
459 877.358209 878.007463 0.617760 0.618958
460 878.007463 878.656716 0.616565 0.617760
461 878.656716 879.305970 0.615371 0.616565
462 879.305970 879.955224 0.614180 0.615371
463 879.955224 880.604478 0.612989 0.614180
464 880.604478 881.253731 0.611801 0.612989
465 881.253731 881.902985 0.610615 0.611801
466 881.902985 882.552239 0.609430 0.610615
467 882.552239 883.201493 0.608247 0.609430
468 883.201493 883.850746 0.607065 0.608247
469 883.850746 884.500000 0.605886 0.607065
470 884.500000 885.149254 0.604708 0.605886
471 885.149254 885.798507 0.603531 0.604708
472 885.798507 886.447761 0.602357 0.603531
473 886.447761 887.097015 0.601184 0.602357
474 887.097015 887.746269 0.600013 0.601184
475 887.746269 888.395522 0.598844 0.600013
476 888.395522 889.044776 0.597676 0.598844
477 889.044776 889.694030 0.596510 0.597676
478 889.694030 890.343284 0.595346 0.596510
479 890.343284 890.992537 0.594184 0.595346
480 890.992537 891.641791 0.593023 0.594184
481 891.641791 892.291045 0.591864 0.593023
482 892.291045 892.940299 0.590706 0.591864
483 892.940299 893.589552 0.589551 0.590706
484 893.589552 894.238806 0.588396 0.589551
485 894.238806 894.888060 0.587244 0.588396
486 894.888060 895.537313 0.586093 0.587244
487 895.537313 896.186567 0.584944 0.586093
488 896.186567 896.835821 0.583797 0.584944
489 896.835821 897.485075 0.582651 0.583797
490 897.485075 898.134328 0.581507 0.582651
491 898.134328 898.783582 0.580365 0.581507
492 898.783582 899.432836 0.579224 0.580365
493 899.432836 900.082090 0.578085 0.579224
494 900.082090 900.731343 0.576947 0.578085
495 900.731343 901.380597 0.575811 0.576947
496 901.380597 902.029851 0.574677 0.575811
497 902.029851 902.679104 0.573545 0.574677
498 902.679104 903.328358 0.572414 0.573545
499 903.328358 903.977612 0.571284 0.572414
500 903.977612 904.626866 0.570156 0.571284
501 904.626866 905.276119 0.569030 0.570156
502 905.276119 905.925373 0.567906 0.569030
503 905.925373 906.574627 0.566783 0.567906
504 906.574627 907.223881 0.565662 0.566783
505 907.223881 907.873134 0.564542 0.565662
506 907.873134 908.522388 0.563424 0.564542
507 908.522388 909.171642 0.562308 0.563424
508 909.171642 909.820896 0.561193 0.562308
509 909.820896 910.470149 0.560079 0.561193
510 910.470149 911.119403 0.558968 0.560079
511 911.119403 911.768657 0.557858 0.558968
512 911.768657 912.417910 0.556749 0.557858
513 912.417910 913.067164 0.555642 0.556749
514 913.067164 913.716418 0.554537 0.555642
515 913.716418 914.365672 0.553433 0.554537
516 914.365672 915.014925 0.552331 0.553433
517 915.014925 915.664179 0.551230 0.552331
518 915.664179 916.313433 0.550131 0.551230
519 916.313433 916.962687 0.549033 0.550131
520 916.962687 917.611940 0.547937 0.549033
521 917.611940 918.261194 0.546843 0.547937
522 918.261194 918.910448 0.545750 0.546843
523 918.910448 919.559701 0.544659 0.545750
524 919.559701 920.208955 0.543569 0.544659
525 920.208955 920.858209 0.542480 0.543569
526 920.858209 921.507463 0.541394 0.542480
527 921.507463 922.156716 0.540308 0.541394
528 922.156716 922.805970 0.539225 0.540308
529 922.805970 923.455224 0.538143 0.539225
530 923.455224 924.104478 0.537062 0.538143
531 924.104478 924.753731 0.535983 0.537062
532 924.753731 925.402985 0.534905 0.535983
533 925.402985 926.052239 0.533829 0.534905
534 926.052239 926.701493 0.532754 0.533829
535 926.701493 927.350746 0.531681 0.532754
536 927.350746 928.000000 0.530610 0.531681
537 928.000000 928.649254 0.529540 0.530610
538 928.649254 929.298507 0.528471 0.529540
539 929.298507 929.947761 0.527404 0.528471
540 929.947761 930.597015 0.526338 0.527404
541 930.597015 931.246269 0.525274 0.526338
542 931.246269 931.895522 0.524211 0.525274
543 931.895522 932.544776 0.523150 0.524211
544 932.544776 933.194030 0.522090 0.523150
545 933.194030 933.843284 0.521032 0.522090
546 933.843284 934.492537 0.519975 0.521032
547 934.492537 935.141791 0.518920 0.519975
548 935.141791 935.791045 0.517866 0.518920
549 935.791045 936.440299 0.516814 0.517866
550 936.440299 937.089552 0.515763 0.516814
551 937.089552 937.738806 0.514714 0.515763
552 937.738806 938.388060 0.513666 0.514714
553 938.388060 939.037313 0.512619 0.513666
554 939.037313 939.686567 0.511574 0.512619
555 939.686567 940.335821 0.510530 0.511574
556 940.335821 940.985075 0.509488 0.510530
557 940.985075 941.634328 0.508447 0.509488
558 941.634328 942.283582 0.507408 0.508447
559 942.283582 942.932836 0.506370 0.507408
560 942.932836 943.582090 0.505334 0.506370
561 943.582090 944.231343 0.504298 0.505334
562 944.231343 944.880597 0.503265 0.504298
563 944.880597 945.529851 0.502233 0.503265
564 945.529851 946.179104 0.501202 0.502233
565 946.179104 946.828358 0.500172 0.501202
566 946.828358 947.477612 0.499144 0.500172
567 947.477612 948.126866 0.498118 0.499144
568 948.126866 948.776119 0.497093 0.498118
569 948.776119 949.425373 0.496069 0.497093
570 949.425373 950.074627 0.495047 0.496069
571 950.074627 950.723881 0.494026 0.495047
572 950.723881 951.373134 0.493006 0.494026
573 951.373134 952.022388 0.491988 0.493006
574 952.022388 952.671642 0.490971 0.491988
575 952.671642 953.320896 0.489956 0.490971
576 953.320896 953.970149 0.488942 0.489956
577 953.970149 954.619403 0.487929 0.488942
578 954.619403 955.268657 0.486918 0.487929
579 955.268657 955.917910 0.485908 0.486918
580 955.917910 956.567164 0.484899 0.485908
581 956.567164 957.216418 0.483892 0.484899
582 957.216418 957.865672 0.482886 0.483892
583 957.865672 958.514925 0.481882 0.482886
584 958.514925 959.164179 0.480879 0.481882
585 959.164179 959.813433 0.479877 0.480879
586 959.813433 960.462687 0.478877 0.479877
587 960.462687 961.111940 0.477878 0.478877
588 961.111940 961.761194 0.476880 0.477878
589 961.761194 962.410448 0.475884 0.476880
590 962.410448 963.059701 0.474889 0.475884
591 963.059701 963.708955 0.473895 0.474889
592 963.708955 964.358209 0.472903 0.473895
593 964.358209 965.007463 0.471912 0.472903
594 965.007463 965.656716 0.470922 0.471912
595 965.656716 966.305970 0.469934 0.470922
596 966.305970 966.955224 0.468947 0.469934
597 966.955224 967.604478 0.467961 0.468947
598 967.604478 968.253731 0.466977 0.467961
599 968.253731 968.902985 0.465994 0.466977
600 968.902985 969.552239 0.465012 0.465994
601 969.552239 970.201493 0.464032 0.465012
602 970.201493 970.850746 0.463053 0.464032
603 970.850746 971.500000 0.462075 0.463053
604 971.500000 972.149254 0.461098 0.462075
605 972.149254 972.798507 0.460123 0.461098
606 972.798507 973.447761 0.459149 0.460123
607 973.447761 974.097015 0.458177 0.459149
608 974.097015 974.746269 0.457206 0.458177
609 974.746269 975.395522 0.456236 0.457206
610 975.395522 976.044776 0.455267 0.456236
611 976.044776 976.694030 0.454300 0.455267
612 976.694030 977.343284 0.453334 0.454300
613 977.343284 977.992537 0.452369 0.453334
614 977.992537 978.641791 0.451405 0.452369
615 978.641791 979.291045 0.450443 0.451405
616 979.291045 979.940299 0.449482 0.450443
617 979.940299 980.589552 0.448522 0.449482
618 980.589552 981.238806 0.447564 0.448522
619 981.238806 981.888060 0.446607 0.447564
620 981.888060 982.537313 0.445651 0.446607
621 982.537313 983.186567 0.444696 0.445651
622 983.186567 983.835821 0.443743 0.444696
623 983.835821 984.485075 0.442791 0.443743
624 984.485075 985.134328 0.441840 0.442791
625 985.134328 985.783582 0.440890 0.441840
626 985.783582 986.432836 0.439942 0.440890
627 986.432836 987.082090 0.438995 0.439942
628 987.082090 987.731343 0.438049 0.438995
629 987.731343 988.380597 0.437104 0.438049
630 988.380597 989.029851 0.436161 0.437104
631 989.029851 989.679104 0.435218 0.436161
632 989.679104 990.328358 0.434278 0.435218
633 990.328358 990.977612 0.433338 0.434278
634 990.977612 991.626866 0.432399 0.433338
635 991.626866 992.276119 0.431462 0.432399
636 992.276119 992.925373 0.430526 0.431462
637 992.925373 993.574627 0.429591 0.430526
638 993.574627 994.223881 0.428658 0.429591
639 994.223881 994.873134 0.427726 0.428658
640 994.873134 995.522388 0.426794 0.427726
641 995.522388 996.171642 0.425864 0.426794
642 996.171642 996.820896 0.424936 0.425864
643 996.820896 997.470149 0.424008 0.424936
644 997.470149 998.119403 0.423082 0.424008
645 998.119403 998.768657 0.422157 0.423082
646 998.768657 999.417910 0.421233 0.422157
647 999.417910 1000.067164 0.420310 0.421233
648 1000.067164 1000.716418 0.419389 0.420310
649 1000.716418 1001.365672 0.418469 0.419389
650 1001.365672 1002.014925 0.417549 0.418469
651 1002.014925 1002.664179 0.416632 0.417549
652 1002.664179 1003.313433 0.415715 0.416632
653 1003.313433 1003.962687 0.414799 0.415715
654 1003.962687 1004.611940 0.413885 0.414799
655 1004.611940 1005.261194 0.412972 0.413885
656 1005.261194 1005.910448 0.412060 0.412972
657 1005.910448 1006.559701 0.411149 0.412060
658 1006.559701 1007.208955 0.410239 0.411149
659 1007.208955 1007.858209 0.409331 0.410239
660 1007.858209 1008.507463 0.408424 0.409331
661 1008.507463 1009.156716 0.407518 0.408424
662 1009.156716 1009.805970 0.406613 0.407518
663 1009.805970 1010.455224 0.405709 0.406613
664 1010.455224 1011.104478 0.404806 0.405709
665 1011.104478 1011.753731 0.403905 0.404806
666 1011.753731 1012.402985 0.403004 0.403905
667 1012.402985 1013.052239 0.402105 0.403004
668 1013.052239 1013.701493 0.401207 0.402105
669 1013.701493 1014.350746 0.400310 0.401207
670 1014.350746 1015.000000 0.399415 0.400310
